# Date: 2013-09-16
# Data taken by Liam and Serena
# frequency (Hz) amplitude (mm) amp error (mm)
         0.8         13.5          0.3
         1.8         12.1          0.9
         2.8         14.3          0.7
         3.9         16.6          2.1
         4.9         22.9          1.8
         5.9         35.3          0.9
         7.0         61.0          1.0
         8.0         33.4          0.4
         9.1         17.8          2.3
        10.1         11.0          0.2
        11.1          7.5          0.5
        12.2          6.7          0.5
        13.2          4.4          0.6
        14.2          4.1          0.6
